12399	
12404	
12406	
12408	
12410	
12429	
12436	
12445	
12461	
12467	
12472	
12483	
12503	
12511	
12512	
12527	
12549	
12580	
12595	
12604	
12605	
12643	
12670	
12705	
12706	
12709	
12724	
12797	
12802	
12806	
12816	
12832	
12833	
12836	
12857	
12912	
13716	
13733	
13734	
13741	
13744	
13747	
13748	
13749	
13751	
13753	
13757	
13759	
13763	
13770	
13779	
13787	
13795	
13805	
13832	
13833	
13863	
13886	
13893	
13900	
13947	
13969	
13971	
14009	
14013	
14030	
14040	
14058	
14078	
14079	
14097	
14098	
14101	
14115	
14143	
14147	
14157	
14162	
14174	
14177	
14181	
14202	
14210	
14223	
14228	
14276	
14287	
14329	
14343	
14372	
14380	
14401	
14411	
14438	
14510	
14520	
14586	
14623	
14625	
14631	
14633	
14644	
14683	
14693	
14695	
14697	
14713	
14715	
14721	
14739	
14745	
14753	
14772	
14773	
14774	
14800	
14821	
14840	
14841	
14855	
14872	
14922	
14929	
14932	
14940	
14968	
14991	
14994	
15005	
15030	
15051	
15052	
15053	
15059	
15065	
15068	
15082	
15089	
15094	
15108	
15137	
15140	
15145	
15149	
15172	
15174	
15211	
15212	
15218	
15228	
15233	
15234	
15237	
15272	
15319	
15325	
15328	
15346	
15349	
15358	
15361	
15379	
15380	
15398	
15399	
15416	
15430	
15451	
15461	
15482	
15494	
15495	
15496	
15498	
15521	
15539	
15542	
15566	
15572	
15573	
15603	
15624	
15645	
15650	
15702	
15715	
15748	
15785	
15794	
15809	
15810	
15817	
15819	
15838	
15842	
15857	
15881	
15941	
16677	
16678	
16683	
16698	
16717	
16719	
16723	
16729	
16736	
16764	
16766	
16781	
16785	
16789	
16790	
16798	
16809	
16812	
16824	
16872	
16886	
16891	
16896	
16898	
16899	
16905	
16914	
16935	
16938	
16940	
16952	
16954	
16965	
16967	
16975	
16985	
17000	
17024	
17031	
17035	
17048	
17051	
17056	
17073	
17086	
17105	
17118	
17141	
17148	
17152	
17179	
17190	
17194	
17218	
17227	
17229	
17232	
17240	
17245	
17249	
17256	
17260	
17266	
17295	
17307	
17318	
17333	
17341	
17342	
17352	
17354	
17366	
17371	
17373	
17381	
17389	
17395	
17400	
17402	
17403	
17411	
17422	
17469	
17488	
17496	
17520	
17557	
17564	
17581	
17601	
17604	
17605	
17607	
17608	
17630	
17637	
17641	
17646	
17647	
17648	
17661	
17673	
17681	
17694	
17695	
17697	
17700	
17708	
17713	
17716	
17717	
17719	
17720	
